start=1132.465000
volume=60.000000
