start=279.100000
volume=98.000000
