speed=1.100000
volume=53.000000
contrast=1.000000
