start=242.333333
volume=89.000000
