start=48.933333
speed=1.210000
volume=89.000000
