start=1704.37
speed=1.210000
volume=82.000000
