start=3.600000
volume=42.000000
