start=527.366667
volume=70.000000
