start=104.566667
volume=95.000000
