start=318.500000
volume=61.000000
