start=180.833333
volume=95.000000
aid=1
