start=103.186417
volume=90.000000
sid=no
