start=1602.476000
volume=72.000000
