start=3561.066667
volume=98.000000
