start=323.533333
volume=89.000000
