start=1164.966667
volume=104.000000
