start=319.033333
volume=95.000000
