start=198.680000
volume=42.000000
