start=166.766667
volume=78.000000
