start=64.966667
volume=95.000000
