start=352.266667
volume=89.000000
