start=1652.234000
volume=73.000000
