start=191.533333
volume=95.000000
