start=2.440000
volume=42.000000
