start=54.262542
volume=85.000000
