start=855.466667
speed=1.100000
volume=109.000000
