start=153.444958
volume=67.000000
sid=no
