start=892.704000
volume=94.000000
