start=56.066667
volume=84.000000
