start=273.300000
volume=95.000000
