start=2.640000
volume=42.000000
