start=272.766667
volume=94.000000
