start=234.484250
volume=90.000000
sid=no
