start=1.920000
volume=42.000000
