start=26.067708
volume=90.000000
sid=no
