start=2.240000
volume=42.000000
