start=1451.033000
volume=70.000000
