start=9.080000
volume=42.000000
