start=1516.890000
volume=55.000000
