start=16.133333
volume=84.000000
