start=102.700000
volume=89.000000
