start=6.640000
volume=42.000000
