start=4.120000
volume=42.000000
