start=153.862042
volume=90.000000
sid=no
