start=2.080000
volume=42.000000
