start=218.433333
volume=95.000000
