start=453.480000
volume=42.000000
