start=2444.133333
volume=80.000000
