start=1.733333
volume=89.000000
