start=2421.466667
volume=80.000000
sid=no
