start=2.840000
volume=42.000000
