speed=1.100000
volume=105.000000
