start=1647.104000
volume=44.000000
