start=278.666667
volume=95.000000
