start=320.266667
volume=95.000000
