start=10.633333
volume=98.000000
