start=76.166667
volume=122.000000
