start=245.133333
volume=95.000000
