start=2.720000
volume=42.000000
