start=93.966667
volume=89.000000
