start=42.266667
volume=95.000000
