start=196.279417
volume=74.000000
sid=no
