start=7.298958
volume=42.000000
