start=7.560000
volume=42.000000
