start=5.080000
volume=42.000000
