start=2.160000
volume=42.000000
