start=16.225000
volume=70.000000
