start=108.300000
volume=60.000000
