start=78.366667
volume=95.000000
