start=288.000000
volume=95.000000
